          16   539.71086702461923     
          32   694.85265089031384     
          48   789.54554901983056     
          64   854.90302230918110     
          80   960.64101448908946     
          96   1098.1747049331757     
         112   1229.2018027218126     
         128   1437.4868413081701     
         144   1668.5472899499339     
         160   1926.5625064939552     
         176   2260.4212580441454     
         192   2463.1485409113998     
         208   2479.1930246742631     
         224   2495.0064845907677     
         240   2498.1064294298626     
         256   2502.0863191249123     
         272   2522.2282614623614     
         288   2532.4160778050964     
         304   2541.1251578853326     
         320   2544.7144571571976     
         336   2556.2601390127343     
         352   2557.6883170097708     
         368   2551.1804723197565     
         384   2325.5363677858295     
         400   2581.2490072326677     
         416   2504.5660057916170     
         432   2588.9515227640659     
         448   2591.2898739651755     
         464   2595.3887899604924     
         480   2602.1645373809820     
         496   2611.1077272412722     
         512   2524.5976804920701     
         528   2618.8936247157758     
         544   2622.9835656843265     
         560   2625.1454802721482     
         576   2622.8237140393244     
         592   2633.2364133892179     
         608   2635.6319036175519     
         624   2637.7597543675929     
         640   2615.1536647813077     
         656   2629.4331263921727     
         672   2643.5684002479557     
         688   2645.2807447630375     
         704   2639.6921593340739     
         720   2650.9765335498887     
         736   2651.9512000806362     
         752   2653.4358464696752     
         768   2601.0620314575117     
         784   2658.2020778103338     
         800   2655.0482005946565     
