          16   53.908814396050779     
          32   2075.9012292836214     
          48   5236.4637530408108     
          64   6101.9564814466503     
          80   6248.7793641628768     
          96   6921.5170815037600     
         112   7422.7304529487856     
         128   7545.5226694952544     
         144   8441.4404901580656     
         160   9015.8662574631417     
         176   9845.9386028724657     
         192   10486.459915783968     
         208   11472.614832842683     
         224   12478.031436761008     
         240   13701.057658383792     
         256   15039.362800186580     
         272   16401.607447864928     
         288   18124.174301197520     
         304   19803.689112274926     
         320   21405.505795463207     
         336   21833.730229132096     
         352   21169.427900064740     
         368   21311.298316792057     
         384   21360.661383695850     
         400   21380.103371619090     
         416   21424.617985754128     
         432   21535.415611920431     
         448   21855.278117219576     
         464   21904.046611977890     
         480   22013.150716800010     
         496   22067.186135744400     
         512   21784.184624318426     
         528   21891.137099493932     
         544   21895.628953560648     
         560   22090.372577746537     
         576   22123.665125435691     
         592   18228.948528606270     
         608   21944.184104178898     
         624   22226.080141572667     
         640   22227.453171884932     
         656   22325.099810752057     
         672   22333.607417421386     
         688   22383.624162481250     
         704   22405.348145327640     
         720   22383.931122904705     
         736   22419.523173847509     
         752   22476.785070224334     
         768   22329.593355911631     
         784   22319.509551003612     
         800   22197.339907719517     
