          16   1077.2429952338994     
          32   1320.5264969048424     
          48   1362.2388646386726     
          64   1330.3365097558599     
          80   1263.1475630266775     
          96   1355.9628490400778     
         112   1539.8513084727322     
         128   1776.8643072443481     
         144   2051.1401646242775     
         160   2334.8560993634542     
         176   2687.3035618350159     
         192   3068.5481485283344     
         208   3419.5310704208500     
         224   3432.1672583132508     
         240   3404.8901307617703     
         256   3473.2078347083443     
         272   3423.8578197639704     
         288   3441.5225292301384     
         304   3442.0854186326114     
         320   3460.4527126298476     
         336   2712.7596790076109     
         352   3449.6316236780690     
         368   3452.2328552915587     
         384   3464.3118224204400     
         400   2894.2714498603759     
         416   3485.3249786683805     
         432   3479.4014280908327     
         448   3124.1262667767155     
         464   3493.7518323467243     
         480   3515.0319409748327     
         496   3269.8738076977925     
         512   3075.0423921136298     
         528   3521.5490908973479     
         544   3296.7248802490635     
         560   3303.3684949025937     
         576   3579.8197811906380     
         592   3567.4606037750359     
         608   3582.9094323082045     
         624   3573.5354090657161     
         640   3591.1291535412875     
         656   3577.0070169931369     
         672   3590.5198751180492     
         688   3579.4500620556814     
         704   3596.6660978706850     
         720   3578.8897061326234     
         736   3593.7967934611684     
         752   3584.3782005294988     
         768   3616.1204965750662     
         784   3587.6772183389303     
         800   3598.9716626629224     
