          16   546.39705829353500     
          32   714.46301377688087     
          48   661.19105129981858     
          64   697.29696001561194     
          80   716.42457459649142     
          96   727.72170668201102     
         112   799.78468726972199     
         128   826.30872152011432     
         144   876.01424557054577     
         160   942.34037264448762     
         176   1001.0231271595979     
         192   1068.8654053917926     
         208   1153.6607467067138     
         224   1233.7897845269533     
         240   1326.4500157791583     
         256   1443.2250872819411     
         272   1367.5740425873507     
         288   1482.5763079282735     
         304   1599.0061165750537     
         320   1710.4101144321612     
         336   1788.6780525033785     
         352   1810.5480331186234     
         368   1797.0652367237508     
         384   1821.8847377998277     
         400   1827.2042262439202     
         416   1817.9746178542048     
         432   1831.7381440812339     
         448   1846.2880073622512     
         464   1841.7009699609387     
         480   1851.3289374000315     
         496   1877.5720179382163     
         512   1874.0184698881121     
         528   1768.6295444787406     
         544   1884.4975595646517     
         560   1877.0188697810750     
         576   1885.5527048801907     
         592   1884.2523159586976     
         608   1887.9127459516803     
         624   1567.4272103190956     
         640   1312.2588209671255     
         656   1817.6091860943629     
         672   1897.4211535718553     
         688   1894.9249485664632     
         704   1901.2148806317800     
         720   1486.8463967601047     
         736   1525.7496497811562     
         752   1916.1245739085646     
         768   1931.2185239965168     
         784   1846.0344395513150     
         800   1847.8478169461150     
