          16   1017.3941368801735     
          32   1284.6000680581869     
          48   1369.4063371331902     
          64   1311.8235563066614     
          80   1375.2087785911206     
          96   1406.8632155041546     
         112   1443.3885951796267     
         128   1544.4260336166249     
         144   1622.7084722113389     
         160   1615.1482103832163     
         176   1691.6894934958625     
         192   1767.6835965723917     
         208   1625.2570062748621     
         224   1621.4297929023155     
         240   1693.6020977370733     
         256   1881.3822863034013     
         272   1982.9374239884623     
         288   2136.7594478139436     
         304   2305.5705621522566     
         320   2465.9183076748031     
         336   1679.3426486473065     
         352   1587.2880965664342     
         368   1891.2067988700110     
         384   2163.8484368963345     
         400   2413.0369485269848     
         416   2666.6841500177566     
         432   2919.4119377365564     
         448   3180.0780715657870     
         464   3411.3444860495706     
         480   3497.0829763316096     
         496   3508.9574183851746     
         512   3564.4653908943051     
         528   3496.1575300332315     
         544   3476.1879170335078     
         560   3545.5750156098011     
         576   3557.4671546266645     
         592   3542.7635609205176     
         608   3528.9803842587144     
         624   3546.7495576989104     
         640   3562.6497558627721     
         656   3548.4479383378384     
         672   3530.8014674374504     
         688   3547.9509957109108     
         704   3560.9947838606931     
         720   3545.9348409636791     
         736   3525.2367118769753     
         752   3559.5754731129309     
         768   3593.6277889020539     
         784   3561.9669175765689     
         800   3551.9474822062757     
