          16   64.968068518302630     
          32   2631.8717443149499     
          48   3338.1769646377447     
          64   3343.4249706405012     
          80   3434.4914973094160     
          96   3546.9375016714998     
         112   3654.7402428653659     
         128   3659.5723627319035     
         144   3575.2023984567013     
         160   3612.6188667589781     
         176   3441.6346840585989     
         192   3251.9232754908567     
         208   3308.9373236057140     
         224   3274.3039042834689     
         240   3513.0287112293531     
         256   3515.7628623320456     
         272   3734.0642440575757     
         288   3820.5966721897939     
         304   3982.5141167167103     
         320   4126.2393592399530     
         336   4377.2241573665924     
         352   4598.2534556985865     
         368   5209.5606814040784     
         384   6911.7236897306748     
         400   7015.3734273442842     
         416   7035.6365312869102     
         432   7075.2948385985501     
         448   7067.7152058827205     
         464   7122.1693418899667     
         480   7129.4765334291633     
         496   6920.9659256007299     
         512   2831.0657564182211     
         528   3652.4117551249637     
         544   4245.0063037565933     
         560   4726.6810527794578     
         576   5270.8475085971359     
         592   5737.5942227521364     
         608   6195.9062924282489     
         624   6843.9741097736533     
         640   7187.7340829638197     
         656   7186.5831662277569     
         672   7148.1114675790550     
         688   7141.7794413770698     
         704   7158.7386268106848     
         720   7148.0778491618994     
         736   7067.7135251699510     
         752   7017.5323125656751     
         768   6838.9906168021053     
         784   6956.2477744037169     
         800   6838.7808056124359     
