          16   683.98719836123337     
          32   727.22030945984795     
          48   612.51093317479297     
          64   596.57649985816784     
          80   605.15063297858683     
          96   620.97392633214793     
         112   654.39707554495476     
         128   674.92177800852721     
         144   730.35745815265614     
         160   756.20091595185329     
         176   817.86573885941755     
         192   860.17863202565718     
         208   701.79848819842709     
         224   785.15427442473106     
         240   903.15734672513702     
         256   725.54808342225590     
         272   1117.7465481101092     
         288   1191.4575512669894     
         304   1294.3297251927258     
         320   1152.9422292288007     
         336   1364.8207378805289     
         352   1260.5892418358753     
         368   1365.4499809463407     
         384   1033.9837438258003     
         400   1363.7908181613739     
         416   1359.4004646933765     
         432   1107.1925284979200     
         448   716.86662128646822     
         464   1215.1244403842190     
         480   1250.7810081208172     
         496   1344.4323064234368     
         512   988.25212858343377     
         528   673.37374513020006     
         544   511.36643583141904     
         560   354.45487359327626     
         576   473.50054672560742     
         592   407.72285320433394     
         608   372.45679760827028     
         624   296.23156076481109     
         640   294.64916351766266     
         656   1394.1035651394109     
         672   1226.1096570653640     
         688   1399.7498244321318     
         704   1044.1649081680155     
         720   1370.4780036191171     
         736   1041.0239379921625     
         752   807.55756678210707     
         768   1020.1293744011147     
         784   1122.2113673177159     
         800   983.00886253062492     
