0                                             total fission rate   
         power=   0.00mw, burnup=      0.mwd, flux= 6.10E+13n/cm**2-sec
0             initial    1E-03 d   6E-02 d     0.1 d     0.2 d     0.2 d     0.3 d     0.3 d     0.4 d     0.5 d     0.5 d     0.6 d     0.6 d     0.7 d     0.7 d     0.8 d     0.9 d     0.9 d     1.0 d     1.0 d     1.1 d 
    1.2 d     1.2 d     1.3 d     1.3 d     1.4 d     1.4 d     1.5 d     1.6 d     1.6 d     1.7 d     1.7 d     1.8 d     1.8 d     1.9 d     2.0 d     2.0 d     2.1 d     2.1 d     2.2 d     2.2 d 
    2.3 d     2.4 d     2.4 d     2.5 d     2.5 d     2.6 d     2.6 d     2.7 d     2.8 d     2.8 d     2.9 d     2.9 d     3.0 d     3.0 d     3.1 d     3.2 d     3.2 d     3.3 d     3.3 d     3.4 d 
    3.5 d     3.5 d     3.6 d     3.6 d     3.7 d     3.7 d     3.8 d     3.9 d     3.9 d     4.0 d     4.0 d     4.1 d     4.1 d     4.2 d     4.3 d     4.3 d     4.4 d     4.4 d     4.5 d     4.5 d 
    4.6 d     4.7 d     4.7 d     4.8 d     4.8 d     4.9 d     4.9 d     5.0 d     5.1 d     5.1 d     5.2 d     5.2 d     5.3 d     5.3 d     5.4 d     5.5 d     5.5 d     5.6 d     5.6 d     5.7 d 
      u235   7.180E+06 7.180E+06 7.180E+06 7.180E+06 7.180E+06 7.180E+06 7.180E+06 7.180E+06 7.180E+06 7.179E+06 7.179E+06 7.179E+06 7.179E+06 7.179E+06 7.179E+06 7.179E+06 7.179E+06 7.178E+06 7.178E+06 7.178E+06 7.178E+06
 7.178E+06 7.178E+06 7.178E+06 7.178E+06 7.177E+06 7.177E+06 7.177E+06 7.177E+06 7.177E+06 7.177E+06 7.177E+06 7.177E+06 7.176E+06 7.176E+06 7.176E+06 7.176E+06 7.176E+06 7.176E+06 7.176E+06 7.176E+06 7.175E+06
 7.175E+06 7.175E+06 7.175E+06 7.175E+06 7.175E+06 7.175E+06 7.175E+06 7.175E+06 7.174E+06 7.174E+06 7.174E+06 7.174E+06 7.174E+06 7.174E+06 7.174E+06 7.174E+06 7.173E+06 7.173E+06 7.173E+06 7.173E+06 7.173E+06
 7.173E+06 7.173E+06 7.173E+06 7.172E+06 7.172E+06 7.172E+06 7.172E+06 7.172E+06 7.172E+06 7.172E+06 7.172E+06 7.171E+06 7.171E+06 7.171E+06 7.171E+06 7.171E+06 7.171E+06 7.171E+06 7.171E+06 7.170E+06 7.170E+06
 7.170E+06 7.170E+06 7.170E+06 7.170E+06 7.170E+06 7.170E+06 7.169E+06 7.169E+06 7.169E+06 7.169E+06 7.169E+06 7.169E+06 7.169E+06 7.169E+06 7.169E+06 7.168E+06 7.168E+06
      u236   0.000E+00 2.579E-03 1.509E-01 2.991E-01 4.474E-01 5.957E-01 7.440E-01 8.922E-01 1.040E+00 1.189E+00 1.337E+00 1.485E+00 1.634E+00 1.782E+00 1.930E+00 2.078E+00 2.227E+00 2.375E+00 2.523E+00 2.671E+00 2.819E+00
 2.968E+00 3.116E+00 3.264E+00 3.412E+00 3.561E+00 3.709E+00 3.857E+00 4.005E+00 4.153E+00 4.302E+00 4.450E+00 4.598E+00 4.746E+00 4.894E+00 5.043E+00 5.191E+00 5.339E+00 5.487E+00 5.635E+00 5.783E+00 5.932E+00
 6.080E+00 6.228E+00 6.376E+00 6.524E+00 6.672E+00 6.821E+00 6.969E+00 7.117E+00 7.265E+00 7.413E+00 7.561E+00 7.709E+00 7.858E+00 8.006E+00 8.154E+00 8.302E+00 8.450E+00 8.598E+00 8.746E+00 8.894E+00 9.042E+00
 9.191E+00 9.339E+00 9.487E+00 9.635E+00 9.783E+00 9.931E+00 1.008E+01 1.023E+01 1.038E+01 1.052E+01 1.067E+01 1.082E+01 1.097E+01 1.112E+01 1.126E+01 1.141E+01 1.156E+01 1.171E+01 1.186E+01 1.200E+01 1.215E+01
 1.230E+01 1.245E+01 1.260E+01 1.274E+01 1.289E+01 1.304E+01 1.319E+01 1.334E+01 1.348E+01 1.363E+01 1.378E+01 1.393E+01 1.408E+01 1.422E+01 1.437E+01 1.452E+01 1.467E+01
      u234   0.000E+00 1.542E-06 9.018E-05 1.788E-04 2.675E-04 3.561E-04 4.447E-04 5.334E-04 6.220E-04 7.106E-04 7.992E-04 8.879E-04 9.765E-04 1.065E-03 1.154E-03 1.242E-03 1.331E-03 1.420E-03 1.508E-03 1.597E-03 1.685E-03
 1.774E-03 1.863E-03 1.951E-03 2.040E-03 2.128E-03 2.217E-03 2.306E-03 2.394E-03 2.483E-03 2.571E-03 2.660E-03 2.748E-03 2.837E-03 2.926E-03 3.014E-03 3.103E-03 3.191E-03 3.280E-03 3.368E-03 3.457E-03 3.546E-03
 3.634E-03 3.723E-03 3.811E-03 3.900E-03 3.988E-03 4.077E-03 4.165E-03 4.254E-03 4.343E-03 4.431E-03 4.520E-03 4.608E-03 4.697E-03 4.785E-03 4.874E-03 4.962E-03 5.051E-03 5.139E-03 5.228E-03 5.316E-03 5.405E-03
 5.493E-03 5.582E-03 5.670E-03 5.759E-03 5.847E-03 5.936E-03 6.024E-03 6.113E-03 6.201E-03 6.290E-03 6.378E-03 6.467E-03 6.555E-03 6.644E-03 6.732E-03 6.821E-03 6.909E-03 6.998E-03 7.086E-03 7.175E-03 7.263E-03
 7.352E-03 7.440E-03 7.529E-03 7.617E-03 7.705E-03 7.794E-03 7.882E-03 7.971E-03 8.059E-03 8.148E-03 8.236E-03 8.325E-03 8.413E-03 8.502E-03 8.590E-03 8.678E-03 8.767E-03
